TimeNecessary = 468.14175367355347 seconds
Accuracy = 0.9188500046730042